5 2107/2720 3.0(1.5) 1.0(9.2) 0.8(20.1) 0.6(34.5) 0.4(34.7)
7 4784/5580 1.0(1.5) 0.5(9.2) 0.4(20.1) 0.3(34.5) 0.2(34.7)
8 6820/7450 1.0(1.5) 0.5(9.2) 0.4(20.1) 0.3(34.5) 0.2(34.7)
8 7239/7450 1.0(1.5) 0.5(9.2) 0.4(20.1) 0.3(34.5) 0.2(34.7)
9 7995/9670 1.0(2.0) 0.5(9.3) 0.4(20.1) 0.3(34.3) 0.2(34.3)
9 8262/9670 1.0(2.0) 0.5(9.3) 0.4(20.1) 0.3(34.3) 0.2(34.3)
9 8353/9670 1.0(2.0) 0.5(9.3) 0.4(20.1) 0.3(34.3) 0.2(34.3)
10 10866/12280 1.0(2.0) 0.5(9.3) 0.4(20.1) 0.3(34.3) 0.2(34.3)
11 14261/15330 1.0(2.0) 0.5(9.3) 0.4(20.1) 0.3(34.3) 0.2(34.3)
12 17239/18860 1.0(2.5) 0.5(9.5) 0.4(20.2) 0.3(33.8) 0.2(34.0)
15 28270/32720 1.0(3.0) 0.5(9.6) 0.4(20.2) 0.3(33.6) 0.2(33.6)
18 45149/52100 3.0(3.9) 1.0(10.0) 0.8(20.3) 0.6(32.9) 0.4(32.9)
19 56810/59830 3.0(3.9) 1.0(10.0) 0.8(20.3) 0.6(32.9) 0.4(32.9)
20 59830/59830 3.0(4.4) 1.0(10.1) 0.8(20.4) 0.6(32.5) 0.4(32.6)

C 1.0, 0.5, 0.4, 0.3, 0.2
UC 3.0, 1.0, 0.8, 0.6, 0.4
R 10.0, 5.0, 3.0, 2.0, 1.0

skill fusion based on stat?
daff
99 95.0
80 88.1
61 86.4

can't figure this one
other than it peaks at 95.
in other words skill fuse as soon as they get 95?
level fuse odds really don't improve that much, right?
 0.6436 lowest
 